0 0.10489594510014305 0.68359375 0.1467330561516452 0.38020833333333326
0 0.25951135550786836 0.6829427083333335 0.1503710658082975 0.37890625000000017
0 0.4274661346566523 0.685546875 0.13218101752503572 0.3658854166666668
0 0.5839005498927038 0.6888020833333333 0.13460635729613735 0.36458333333333337
0 0.7415476350143061 0.6868489583333333 0.12490499821173102 0.36848958333333337
0 0.9028327297925608 0.69140625 0.14430771638054365 0.3723958333333332
0 0.09458825107296136 0.22200520833333337 0.17947514306151643 0.36588541666666674
0 0.26011769045064376 0.2194010416666667 0.12005431866952794 0.37109375000000006
0 0.4195837804005722 0.21875 0.1261176680972818 0.38541666666666663
0 0.5675295064377681 0.21809895833333337 0.130968347639485 0.37630208333333337
0 0.7354842855865522 0.22200520833333337 0.13460635729613743 0.37630208333333337
0 0.8961630454220314 0.21549479166666663 0.12126698855507868 0.37369791666666663
